345.73	-73.24
345.94	-73.24
346.16	-73.24
346.37	-65.05
346.59	-138.78
346.80	-56.86
347.02	109.03
347.23	80.35
347.45	49.64
347.66	-67.10
347.88	12.77
348.09	45.54
348.31	14.82
348.52	23.01
348.74	4.58
348.95	96.74
349.17	-9.76
349.38	-26.14
349.60	35.30
349.81	25.06
350.03	20.96
350.24	-22.04
350.45	-28.19
350.67	168.42
350.88	92.64
351.10	-52.76
351.31	43.49
351.53	-22.04
351.74	233.95
351.96	90.59
352.17	57.83
352.39	8.68
352.60	39.40
352.82	2.53
353.03	14.82
353.24	10.72
353.46	10.72
353.67	10.72
353.89	-11.80
354.10	51.68
354.32	-28.19
354.53	133.60
354.75	14.82
354.96	70.12
355.18	55.78
355.39	-9.76
355.60	-83.48
355.82	86.50
356.03	90.59
356.25	129.51
356.46	-24.09
356.68	53.73
356.89	84.45
357.10	45.54
357.32	33.25
357.53	47.59
357.75	113.12
357.96	29.16
358.18	-26.14
358.39	37.35
358.60	84.45
358.82	29.16
359.03	-54.81
359.25	14.82
359.46	117.22
359.68	55.78
359.89	6.63
360.10	-9.76
360.32	-42.52
360.53	-20.00
360.75	41.44
360.96	-81.43
361.17	-15.90
361.39	51.68
361.60	43.49
361.82	-44.57
362.03	162.27
362.25	-1.56
362.46	-134.68
362.67	-17.95
362.89	-108.06
363.10	106.98
363.32	88.55
363.53	70.12
363.74	35.30
363.96	-9.76
364.17	35.30
364.39	35.30
364.60	-36.38
364.81	49.64
365.03	41.44
365.24	49.64
365.45	88.55
365.67	-103.96
365.88	-7.71
366.10	35.30
366.31	-38.43
366.52	16.87
366.74	106.98
366.95	78.31
367.17	186.85
367.38	10.72
367.59	-69.15
367.81	16.87
368.02	-17.95
368.23	-46.62
368.45	-13.85
368.66	129.51
368.88	283.10
369.09	-71.19
369.30	-36.38
369.52	78.31
369.73	4.58
369.94	61.92
370.16	82.40
370.37	43.49
370.59	121.31
370.80	98.79
371.01	59.88
371.23	119.27
371.44	27.11
371.65	66.02
371.87	49.64
372.08	109.03
372.29	55.78
372.51	78.31
372.72	27.11
372.93	31.20
373.15	-5.66
373.36	-24.09
373.57	-13.85
373.79	129.51
374.00	45.54
374.22	61.92
374.43	68.07
374.64	121.31
374.86	-1.56
375.07	10.72
375.28	45.54
375.50	59.88
375.71	-46.62
375.92	-24.09
376.14	-42.52
376.35	43.49
376.56	41.44
376.78	-5.66
376.99	25.06
377.20	31.20
377.42	115.17
377.63	-9.76
377.84	12.77
378.06	-114.20
378.27	135.65
378.48	-13.85
378.70	102.88
378.91	18.92
379.12	-30.24
379.33	-11.80
379.55	31.20
379.76	82.40
379.97	-9.76
380.19	18.92
380.40	0.48
380.61	113.12
380.83	109.03
381.04	39.40
381.25	-3.61
381.47	-20.00
381.68	-30.24
381.89	98.79
382.10	31.20
382.32	117.22
382.53	25.06
382.74	10.72
382.96	68.07
383.17	-20.00
383.38	-9.76
383.60	-22.04
383.81	-7.71
384.02	-73.24
384.23	51.68
384.45	78.31
384.66	4.58
384.87	129.51
385.09	33.25
385.30	43.49
385.51	49.64
385.72	16.87
385.94	10.72
386.15	-58.91
386.36	-13.85
386.58	-24.09
386.79	90.59
387.00	29.16
387.21	16.87
387.43	72.16
387.64	59.88
387.85	156.13
388.07	131.55
388.28	41.44
388.49	160.23
388.70	106.98
388.92	41.44
389.13	35.30
389.34	78.31
389.55	100.83
389.77	2.53
389.98	104.93
390.19	37.35
390.40	-42.52
390.62	12.77
390.83	14.82
391.04	84.45
391.25	74.21
391.47	2.53
391.68	109.03
391.89	0.48
392.10	18.92
392.32	137.70
392.53	-9.76
392.74	47.59
392.95	-22.04
393.17	35.30
393.38	23.01
393.59	100.83
393.80	25.06
394.02	-97.82
394.23	-38.43
394.44	74.21
394.65	-58.91
394.87	8.68
395.08	57.83
395.29	47.59
395.50	-1.56
395.71	-1.56
395.93	90.59
396.14	98.79
396.35	82.40
396.56	109.03
396.78	72.16
396.99	113.12
397.20	-50.72
397.41	55.78
397.63	117.22
397.84	-26.14
398.05	80.35
398.26	-34.33
398.47	139.75
398.69	-85.53
398.90	106.98
399.11	2.53
399.32	66.02
399.53	74.21
399.75	90.59
399.96	-26.14
400.17	94.69
400.38	20.96
400.59	-26.14
400.81	-3.61
401.02	199.14
401.23	37.35
401.44	18.92
401.65	-42.52
401.87	45.54
402.08	-15.90
402.29	137.70
402.50	12.77
402.71	-63.00
402.93	154.08
403.14	80.35
403.35	74.21
403.56	29.16
403.77	-13.85
403.99	53.73
404.20	-24.09
404.41	72.16
404.62	37.35
404.83	-5.66
405.04	-24.09
405.26	88.55
405.47	123.36
405.68	82.40
405.89	80.35
406.10	123.36
406.32	-60.95
406.53	16.87
406.74	121.31
406.95	27.11
407.16	47.59
407.37	18.92
407.59	-7.71
407.80	55.78
408.01	100.83
408.22	-1.56
408.43	59.88
408.64	145.89
408.85	145.89
409.07	2.53
409.28	76.26
409.49	76.26
409.70	102.88
409.91	76.26
410.12	-28.19
410.34	35.30
410.55	125.41
410.76	63.97
410.97	-20.00
411.18	174.56
411.39	39.40
411.60	33.25
411.82	8.68
412.03	-15.90
412.24	98.79
412.45	106.98
412.66	109.03
412.87	80.35
413.08	129.51
413.30	55.78
413.51	88.55
413.72	113.12
413.93	-7.71
414.14	-22.04
414.35	119.27
414.56	51.68
414.77	47.59
414.99	-1.56
415.20	156.13
415.41	102.88
415.62	49.64
415.83	-65.05
416.04	-26.14
416.25	-44.57
416.46	70.12
416.68	10.72
416.89	8.68
417.10	47.59
417.31	102.88
417.52	31.20
417.73	51.68
417.94	6.63
418.15	129.51
418.36	0.48
418.58	137.70
418.79	72.16
419.00	86.50
419.21	37.35
419.42	74.21
419.63	55.78
419.84	16.87
420.05	4.58
420.26	-22.04
420.47	84.45
420.68	59.88
420.90	92.64
421.11	-28.19
421.32	-44.57
421.53	66.02
421.74	84.45
421.95	100.83
422.16	143.84
422.37	55.78
422.58	86.50
422.79	-52.76
423.00	141.79
423.22	76.26
423.43	-130.59
423.64	-15.90
423.85	113.12
424.06	-9.76
424.27	43.49
424.48	16.87
424.69	23.01
424.90	109.03
425.11	6.63
425.32	6.63
425.53	98.79
425.74	-5.66
425.95	16.87
426.16	109.03
426.38	-36.38
426.59	113.12
426.80	-32.28
427.01	76.26
427.22	31.20
427.43	41.44
427.64	-60.95
427.85	0.48
428.06	92.64
428.27	141.79
428.48	78.31
428.69	-30.24
428.90	31.20
429.11	-5.66
429.32	57.83
429.53	-13.85
429.74	0.48
429.95	55.78
430.16	-3.61
430.37	-20.00
430.59	-30.24
430.80	27.11
431.01	-65.05
431.22	41.44
431.43	115.17
431.64	84.45
431.85	98.79
432.06	10.72
432.27	-44.57
432.48	82.40
432.69	-11.80
432.90	-83.48
433.11	-15.90
433.32	25.06
433.53	-22.04
433.74	133.60
433.95	-7.71
434.16	-46.62
434.37	8.68
434.58	-142.87
434.79	27.11
435.00	47.59
435.21	80.35
435.42	10.72
435.63	31.20
435.84	41.44
436.05	66.02
436.26	-26.14
436.47	74.21
436.68	109.03
436.89	53.73
437.10	72.16
437.31	-79.39
437.52	23.01
437.73	49.64
437.94	76.26
438.15	41.44
438.36	68.07
438.57	43.49
438.78	-13.85
438.99	10.72
439.20	129.51
439.41	12.77
439.62	49.64
439.83	4.58
440.04	172.51
440.25	41.44
440.46	-40.48
440.67	-20.00
440.88	94.69
441.09	82.40
441.30	57.83
441.51	66.02
441.72	6.63
441.93	-52.76
442.14	51.68
442.35	72.16
442.56	117.22
442.77	33.25
442.98	90.59
443.19	43.49
443.40	-17.95
443.61	129.51
443.81	121.31
444.02	59.88
444.23	102.88
444.44	-7.71
444.65	-71.19
444.86	27.11
445.07	61.92
445.28	96.74
445.49	115.17
445.70	25.06
445.91	35.30
446.12	0.48
446.33	47.59
446.54	164.32
446.75	18.92
446.96	-24.09
447.17	131.55
447.38	70.12
447.59	-15.90
447.80	59.88
448.00	96.74
448.21	192.99
448.42	55.78
448.63	37.35
448.84	23.01
449.05	147.94
449.26	145.89
449.47	-32.28
449.68	-67.10
449.89	100.83
450.10	78.31
450.31	61.92
450.52	20.96
450.73	80.35
450.94	-26.14
451.14	4.58
451.35	68.07
451.56	45.54
451.77	25.06
451.98	12.77
452.19	-17.95
452.40	70.12
452.61	63.97
452.82	39.40
453.03	12.77
453.24	31.20
453.44	-15.90
453.65	-3.61
453.86	-40.48
454.07	20.96
454.28	98.79
454.49	18.92
454.70	100.83
454.91	-3.61
455.12	49.64
455.33	47.59
455.53	88.55
455.74	37.35
455.95	113.12
456.16	-36.38
456.37	66.02
456.58	66.02
456.79	39.40
457.00	-5.66
457.21	129.51
457.41	143.84
457.62	-7.71
457.83	66.02
458.04	-73.24
458.25	33.25
458.46	35.30
458.67	16.87
458.88	29.16
459.09	-9.76
459.29	41.44
459.50	-89.63
459.71	16.87
459.92	-34.33
460.13	-7.71
460.34	104.93
460.55	53.73
460.75	-24.09
460.96	152.03
461.17	43.49
461.38	-5.66
461.59	-22.04
461.80	6.63
462.01	35.30
462.21	102.88
462.42	74.21
462.63	-22.04
462.84	20.96
463.05	0.48
463.26	-38.43
463.47	18.92
463.67	49.64
463.88	94.69
464.09	53.73
464.30	-22.04
464.51	23.01
464.72	63.97
464.93	-36.38
465.13	84.45
465.34	29.16
465.55	-28.19
465.76	43.49
465.97	51.68
466.18	27.11
466.38	23.01
466.59	74.21
466.80	45.54
467.01	16.87
467.22	-13.85
467.42	139.75
467.63	160.23
467.84	72.16
468.05	47.59
468.26	-42.52
468.47	164.32
468.67	4.58
468.88	16.87
469.09	84.45
469.30	70.12
469.51	4.58
469.71	14.82
469.92	63.97
470.13	18.92
470.34	-44.57
470.55	49.64
470.76	-38.43
470.96	-56.86
471.17	18.92
471.38	10.72
471.59	94.69
471.80	31.20
472.00	170.47
472.21	-30.24
472.42	98.79
472.63	-85.53
472.84	37.35
473.04	18.92
473.25	76.26
473.46	45.54
473.67	-48.67
473.87	-24.09
474.08	55.78
474.29	-48.67
474.50	14.82
474.71	90.59
474.91	92.64
475.12	125.41
475.33	29.16
475.54	47.59
475.75	45.54
475.95	51.68
476.16	117.22
476.37	-63.00
476.58	59.88
476.78	127.46
476.99	-5.66
477.20	4.58
477.41	113.12
477.61	84.45
477.82	55.78
478.03	35.30
478.24	31.20
478.45	129.51
478.65	55.78
478.86	23.01
479.07	39.40
479.28	129.51
479.48	63.97
479.69	72.16
479.90	0.48
480.11	88.55
480.31	31.20
480.52	119.27
480.73	-22.04
480.94	-32.28
481.14	104.93
481.35	47.59
481.56	-58.91
481.77	-93.72
481.97	72.16
482.18	16.87
482.39	27.11
482.59	2.53
482.80	92.64
483.01	39.40
483.22	90.59
483.42	55.78
483.63	74.21
483.84	90.59
484.05	74.21
484.25	47.59
484.46	31.20
484.67	47.59
484.87	25.06
485.08	98.79
485.29	111.07
485.50	31.20
485.70	68.07
485.91	-40.48
486.12	100.83
486.32	61.92
486.53	33.25
486.74	96.74
486.95	35.30
487.15	72.16
487.36	82.40
487.57	106.98
487.77	45.54
487.98	47.59
488.19	47.59
488.40	113.12
488.60	-75.29
488.81	68.07
489.02	106.98
489.22	-34.33
489.43	82.40
489.64	37.35
489.84	227.81
490.05	70.12
490.26	2.53
490.47	16.87
490.67	98.79
490.88	18.92
491.09	-1.56
491.29	29.16
491.50	4.58
491.71	33.25
491.91	10.72
492.12	-40.48
492.33	117.22
492.53	39.40
492.74	86.50
492.95	-17.95
493.15	-30.24
493.36	39.40
493.57	121.31
493.77	20.96
493.98	66.02
494.19	125.41
494.39	88.55
494.60	43.49
494.81	4.58
495.01	104.93
495.22	-11.80
495.43	4.58
495.63	106.98
495.84	143.84
496.05	88.55
496.25	-24.09
496.46	66.02
496.67	168.42
496.87	80.35
497.08	133.60
497.29	-83.48
497.49	4.58
497.70	4.58
497.90	57.83
498.11	57.83
498.32	-52.76
498.52	78.31
498.73	45.54
498.94	14.82
499.14	102.88
499.35	74.21
499.56	29.16
499.76	10.72
499.97	-5.66
500.17	20.96
500.38	-97.82
500.59	35.30
500.79	125.41
501.00	55.78
501.21	59.88
501.41	63.97
501.62	168.42
501.82	-124.44
502.03	49.64
502.24	98.79
502.44	0.48
502.65	31.20
502.86	-77.34
503.06	49.64
503.27	-77.34
503.47	78.31
503.68	39.40
503.89	121.31
504.09	-87.58
504.30	6.63
504.50	45.54
504.71	51.68
504.92	82.40
505.12	51.68
505.33	145.89
505.53	61.92
505.74	-17.95
505.95	16.87
506.15	70.12
506.36	84.45
506.56	178.66
506.77	115.17
506.98	76.26
507.18	-26.14
507.39	8.68
507.59	6.63
507.80	59.88
508.00	37.35
508.21	129.51
508.42	-28.19
508.62	59.88
508.83	2.53
509.03	-67.10
509.24	186.85
509.44	45.54
509.65	41.44
509.86	90.59
510.06	-5.66
510.27	18.92
510.47	37.35
510.68	84.45
510.88	156.13
511.09	2.53
511.30	2.53
511.50	-77.34
511.71	51.68
511.91	4.58
512.12	68.07
512.32	27.11
512.53	172.51
512.73	-15.90
512.94	160.23
513.15	37.35
513.35	35.30
513.56	45.54
513.76	166.37
513.97	-32.28
514.17	18.92
514.38	102.88
514.58	39.40
514.79	156.13
514.99	33.25
515.20	131.55
515.41	88.55
515.61	16.87
515.82	57.83
516.02	53.73
516.23	70.12
516.43	70.12
516.64	31.20
516.84	63.97
517.05	195.04
517.25	109.03
517.46	45.54
517.66	141.79
517.87	84.45
518.07	6.63
518.28	68.07
518.48	174.56
518.69	135.65
518.89	49.64
519.10	29.16
519.30	14.82
519.51	141.79
519.72	33.25
519.92	0.48
520.13	45.54
520.33	39.40
520.54	141.79
520.74	115.17
520.95	41.44
521.15	61.92
521.36	37.35
521.56	94.69
521.77	53.73
521.97	80.35
522.18	0.48
522.38	68.07
522.59	27.11
522.79	149.99
522.99	51.68
523.20	49.64
523.40	68.07
523.61	61.92
523.81	133.60
524.02	33.25
524.22	27.11
524.43	84.45
524.63	37.35
524.84	16.87
525.04	20.96
525.25	78.31
525.45	104.93
525.66	-60.95
525.86	115.17
526.07	23.01
526.27	33.25
526.48	27.11
526.68	76.26
526.89	129.51
527.09	-34.33
527.29	80.35
527.50	49.64
527.70	37.35
527.91	133.60
528.11	-69.15
528.32	90.59
528.52	133.60
528.73	49.64
528.93	156.13
529.14	-30.24
529.34	29.16
529.54	106.98
529.75	125.41
529.95	4.58
530.16	115.17
530.36	78.31
530.57	-5.66
530.77	119.27
530.98	23.01
531.18	121.31
531.38	184.80
531.59	49.64
531.79	86.50
532.00	82.40
532.20	61.92
532.41	-17.95
532.61	182.75
532.81	-3.61
533.02	88.55
533.22	29.16
533.43	37.35
533.63	82.40
533.84	20.96
534.04	-20.00
534.24	111.07
534.45	59.88
534.65	37.35
534.86	68.07
535.06	43.49
535.26	80.35
535.47	98.79
535.67	109.03
535.88	25.06
536.08	-5.66
536.28	68.07
536.49	66.02
536.69	57.83
536.90	90.59
537.10	74.21
537.30	-17.95
537.51	154.08
537.71	149.99
537.92	43.49
538.12	-28.19
538.32	-58.91
538.53	51.68
538.73	39.40
538.94	63.97
539.14	66.02
539.34	2.53
539.55	92.64
539.75	86.50
539.96	-38.43
540.16	33.25
540.36	-22.04
540.57	27.11
540.77	139.75
540.97	-24.09
541.18	88.55
541.38	41.44
541.59	135.65
541.79	80.35
541.99	66.02
542.20	29.16
542.40	-34.33
542.60	82.40
542.81	59.88
543.01	109.03
543.21	-11.80
543.42	29.16
543.62	16.87
543.83	96.74
544.03	111.07
544.23	-65.05
544.44	18.92
544.64	8.68
544.84	80.35
545.05	55.78
545.25	39.40
545.45	86.50
545.66	125.41
545.86	68.07
546.06	39.40
546.27	168.42
546.47	16.87
546.67	149.99
546.88	33.25
547.08	66.02
547.28	168.42
547.49	109.03
547.69	160.23
547.89	76.26
548.10	86.50
548.30	49.64
548.50	43.49
548.71	63.97
548.91	63.97
549.11	-17.95
549.32	135.65
549.52	92.64
549.72	-3.61
549.93	23.01
550.13	98.79
550.33	45.54
550.54	104.93
550.74	66.02
550.94	-5.66
551.15	100.83
551.35	-1.56
551.55	76.26
551.75	-30.24
551.96	66.02
552.16	98.79
552.36	-3.61
552.57	96.74
552.77	139.75
552.97	8.68
553.18	141.79
553.38	41.44
553.58	57.83
553.78	219.62
553.99	86.50
554.19	127.46
554.39	162.27
554.60	113.12
554.80	0.48
555.00	-11.80
555.20	47.59
555.41	160.23
555.61	119.27
555.81	49.64
556.02	18.92
556.22	178.66
556.42	113.12
556.62	-7.71
556.83	184.80
557.03	78.31
557.23	63.97
557.43	23.01
557.64	25.06
557.84	82.40
558.04	199.14
558.25	125.41
558.45	-30.24
558.65	152.03
558.85	109.03
559.06	8.68
559.26	49.64
559.46	201.19
559.66	111.07
559.87	57.83
560.07	6.63
560.27	117.22
560.47	55.78
560.68	68.07
560.88	70.12
561.08	168.42
561.28	-7.71
561.49	117.22
561.69	59.88
561.89	102.88
562.09	154.08
562.30	27.11
562.50	66.02
562.70	113.12
562.90	137.70
563.10	43.49
563.31	184.80
563.51	170.47
563.71	215.52
563.91	43.49
564.12	141.79
564.32	262.62
564.52	125.41
564.72	66.02
564.92	57.83
565.13	92.64
565.33	39.40
565.53	72.16
565.73	156.13
565.94	92.64
566.14	49.64
566.34	78.31
566.54	111.07
566.74	20.96
566.95	117.22
567.15	156.13
567.35	184.80
567.55	195.04
567.75	-5.66
567.96	82.40
568.16	23.01
568.36	78.31
568.56	76.26
568.76	86.50
568.97	106.98
569.17	82.40
569.37	80.35
569.57	86.50
569.77	78.31
569.98	37.35
570.18	119.27
570.38	127.46
570.58	68.07
570.78	190.95
570.98	233.95
571.19	195.04
571.39	86.50
571.59	113.12
571.79	76.26
571.99	106.98
572.20	-17.95
572.40	96.74
572.60	162.27
572.80	152.03
573.00	213.47
573.20	135.65
573.41	94.69
573.61	66.02
573.81	86.50
574.01	115.17
574.21	168.42
574.41	66.02
574.61	182.75
574.82	203.23
575.02	129.51
575.22	135.65
575.42	78.31
575.62	20.96
575.82	166.37
576.03	160.23
576.23	96.74
576.43	188.90
576.63	152.03
576.83	127.46
577.03	127.46
577.23	104.93
577.43	68.07
577.64	152.03
577.84	49.64
578.04	102.88
578.24	123.36
578.44	197.09
578.64	123.36
578.84	8.68
579.05	152.03
579.25	115.17
579.45	158.18
579.65	143.84
579.85	199.14
580.05	92.64
580.25	223.71
580.45	78.31
580.66	195.04
580.86	145.89
581.06	162.27
581.26	147.94
581.46	238.05
581.66	88.55
581.86	135.65
582.06	313.82
582.26	49.64
582.46	197.09
582.67	143.84
582.87	176.61
583.07	135.65
583.27	57.83
583.47	104.93
583.67	66.02
583.87	199.14
584.07	195.04
584.27	66.02
584.47	180.71
584.68	209.38
584.88	37.35
585.08	41.44
585.28	250.34
585.48	18.92
585.68	143.84
585.88	256.48
586.08	106.98
586.28	262.62
586.48	106.98
586.68	307.68
586.88	178.66
587.08	156.13
587.29	188.90
587.49	39.40
587.69	162.27
587.89	172.51
588.09	121.31
588.29	111.07
588.49	256.48
588.69	137.70
588.89	166.37
589.09	121.31
589.29	145.89
589.49	221.66
589.69	160.23
589.89	219.62
590.09	258.53
590.29	137.70
590.50	111.07
590.70	186.85
590.90	88.55
591.10	135.65
591.30	149.99
591.50	186.85
591.70	248.29
591.90	131.55
592.10	143.84
592.30	213.47
592.50	111.07
592.70	152.03
592.90	119.27
593.10	117.22
593.30	172.51
593.50	92.64
593.70	192.99
593.90	115.17
594.10	248.29
594.30	152.03
594.50	135.65
594.70	252.38
594.90	37.35
595.10	170.47
595.30	158.18
595.50	121.31
595.70	149.99
595.90	207.33
596.10	90.59
596.30	233.95
596.50	223.71
596.70	199.14
596.90	147.94
597.10	213.47
597.30	166.37
597.50	147.94
597.70	141.79
597.90	219.62
598.10	131.55
598.30	195.04
598.50	135.65
598.70	207.33
598.90	270.82
599.10	184.80
599.30	199.14
599.50	225.76
599.70	168.42
599.90	143.84
600.10	203.23
600.30	162.27
600.50	178.66
600.70	254.43
600.90	156.13
601.10	215.52
601.30	186.85
601.50	354.78
601.70	240.10
601.90	154.08
602.10	186.85
602.30	182.75
602.50	254.43
602.70	236.00
602.90	201.19
603.10	287.20
603.30	223.71
603.50	190.95
603.70	205.28
603.90	195.04
604.10	176.61
604.30	301.54
604.50	246.24
604.70	285.15
604.89	35.30
605.09	137.70
605.29	188.90
605.49	268.77
605.69	293.34
605.89	225.76
606.09	170.47
606.29	317.92
606.49	268.77
606.69	156.13
606.89	303.58
607.09	180.71
607.29	68.07
607.49	160.23
607.69	362.97
607.89	233.95
608.08	231.90
608.28	262.62
608.48	233.95
608.68	276.96
608.88	203.23
609.08	260.58
609.28	252.38
609.48	170.47
609.68	170.47
609.88	123.36
610.08	115.17
610.28	233.95
610.48	272.86
610.67	250.34
610.87	201.19
611.07	297.44
611.27	174.56
611.47	162.27
611.67	332.26
611.87	188.90
612.07	135.65
612.27	121.31
612.47	272.86
612.66	158.18
612.86	330.21
613.06	244.19
613.26	276.96
613.46	211.42
613.66	344.54
613.86	174.56
614.06	303.58
614.26	254.43
614.45	252.38
614.65	197.09
614.85	276.96
615.05	217.57
615.25	244.19
615.45	207.33
615.65	266.72
615.85	192.99
616.04	240.10
616.24	268.77
616.44	358.88
616.64	238.05
616.84	180.71
617.04	266.72
617.24	377.31
617.44	260.58
617.63	219.62
617.83	317.92
618.03	262.62
618.23	381.41
618.43	250.34
618.63	231.90
618.83	240.10
619.02	303.58
619.22	330.21
619.42	358.88
619.62	317.92
619.82	295.39
620.02	221.66
620.22	154.08
620.41	160.23
620.61	350.69
620.81	272.86
621.01	268.77
621.21	307.68
621.41	219.62
621.60	227.81
621.80	362.97
622.00	295.39
622.20	129.51
622.40	246.24
622.60	227.81
622.79	295.39
622.99	274.91
623.19	299.49
623.39	227.81
623.59	311.78
623.78	172.51
623.98	311.78
624.18	287.20
624.38	233.95
624.58	248.29
624.78	117.22
624.97	268.77
625.17	317.92
625.37	352.73
625.57	248.29
625.77	303.58
625.96	377.31
626.16	319.97
626.36	211.42
626.56	295.39
626.76	342.49
626.95	330.21
627.15	342.49
627.35	244.19
627.55	238.05
627.75	342.49
627.94	326.11
628.14	264.67
628.34	391.65
628.54	291.30
628.74	446.94
628.93	238.05
629.13	276.96
629.33	276.96
629.53	405.98
629.72	279.01
629.92	203.23
630.12	330.21
630.32	274.91
630.52	354.78
630.71	369.12
630.91	244.19
631.11	270.82
631.31	334.30
631.50	281.06
631.70	393.69
631.90	319.97
632.10	219.62
632.29	268.77
632.49	336.35
632.69	285.15
632.89	299.49
633.08	397.79
633.28	168.42
633.48	192.99
633.68	279.01
633.87	362.97
634.07	311.78
634.27	307.68
634.47	238.05
634.66	309.73
634.86	440.80
635.06	354.78
635.26	217.57
635.45	324.06
635.65	295.39
635.85	369.12
636.05	338.40
636.24	309.73
636.44	367.07
636.64	266.72
636.83	344.54
637.03	258.53
637.23	397.79
637.43	195.04
637.62	236.00
637.82	340.45
638.02	360.93
638.22	121.31
638.41	303.58
638.61	293.34
638.81	92.64
639.00	-202.26
639.20	-679.44
639.40	-1226.25
639.59	-1897.98
639.79	-2082.30
639.99	-1781.25
640.19	-1267.21
640.38	-849.42
640.58	-353.81
640.78	-67.10
640.97	106.98
641.17	174.56
641.37	-1.56
641.56	68.07
641.76	135.65
641.96	326.11
642.16	311.78
642.35	322.02
642.55	293.34
642.75	297.44
642.94	405.98
643.14	362.97
643.34	371.17
643.53	260.58
643.73	354.78
643.93	377.31
644.12	485.85
644.32	332.26
644.52	291.30
644.71	326.11
644.91	403.93
645.11	434.65
645.30	256.48
645.50	313.82
645.70	295.39
645.89	389.60
646.09	418.27
646.29	401.89
646.48	324.06
646.68	354.78
646.88	344.54
647.07	420.32
647.27	379.36
647.47	438.75
647.66	354.78
647.86	356.83
648.06	467.42
648.25	356.83
648.45	446.94
648.64	342.49
648.84	375.26
649.04	436.70
649.23	408.03
649.43	313.82
649.63	479.71
649.82	346.59
650.02	485.85
650.22	408.03
650.41	379.36
650.61	328.16
650.80	387.55
651.00	399.84
651.20	547.29
651.39	416.22
651.59	362.97
651.79	547.29
651.98	403.93
652.18	410.08
652.37	401.89
652.57	405.98
652.77	430.56
652.96	510.43
653.16	494.04
653.35	487.90
653.55	434.65
653.75	418.27
653.94	381.41
654.14	487.90
654.33	444.89
654.53	371.17
654.73	334.30
654.92	399.84
655.12	555.48
655.31	623.07
655.51	440.80
655.71	414.17
655.90	483.80
656.10	473.56
656.29	469.47
656.49	412.13
656.69	543.20
656.88	469.47
657.08	502.24
657.27	567.77
657.47	537.05
657.66	506.33
657.86	444.89
658.06	395.74
658.25	457.18
658.45	575.96
658.64	465.37
658.84	508.38
659.03	532.96
659.23	438.75
659.43	518.62
659.62	377.31
659.82	602.59
660.01	385.50
660.21	530.91
660.40	471.52
660.60	592.35
660.79	444.89
660.99	467.42
661.19	530.91
661.38	432.61
661.58	457.18
661.77	371.17
661.97	547.29
662.16	537.05
662.36	600.54
662.55	459.23
662.75	410.08
662.94	520.67
663.14	518.62
663.34	414.17
663.53	549.34
663.73	584.16
663.92	504.28
664.12	506.33
664.31	569.82
664.51	518.62
664.70	389.60
664.90	479.71
665.09	459.23
665.29	489.95
665.48	506.33
665.68	545.24
665.87	496.09
666.07	582.11
666.26	446.94
666.46	496.09
666.65	408.03
666.85	448.99
667.04	414.17
667.24	539.10
667.43	524.76
667.63	555.48
667.82	606.68
668.02	539.10
668.21	606.68
668.41	578.01
668.60	461.28
668.80	500.19
668.99	479.71
669.19	487.90
669.38	563.68
669.58	598.49
669.77	561.63
669.97	514.52
670.16	543.20
670.36	539.10
670.55	469.47
670.75	520.67
670.94	510.43
671.14	584.16
671.33	432.61
671.53	569.82
671.72	643.55
671.92	420.32
672.11	506.33
672.31	627.16
672.50	524.76
672.69	539.10
672.89	633.31
673.08	786.90
673.28	596.44
673.47	514.52
673.67	481.76
673.86	684.51
674.06	561.63
674.25	573.92
674.45	580.06
674.64	633.31
674.83	629.21
675.03	543.20
675.22	520.67
675.42	618.97
675.61	547.29
675.81	594.40
676.00	618.97
676.20	618.97
676.39	711.13
676.58	645.59
676.78	674.27
676.97	524.76
677.17	596.44
677.36	549.34
677.56	592.35
677.75	528.86
677.94	645.59
678.14	659.93
678.33	651.74
678.53	641.50
678.72	678.36
678.92	649.69
679.11	618.97
679.30	580.06
679.50	643.55
679.69	621.02
679.89	436.70
680.08	586.20
680.27	676.31
680.47	659.93
680.66	473.56
680.86	692.70
681.05	678.36
681.24	629.21
681.44	582.11
681.63	694.75
681.83	657.88
682.02	684.51
682.21	535.00
682.41	676.31
682.60	657.88
682.80	629.21
682.99	604.63
683.18	680.41
683.38	750.04
683.57	580.06
683.77	584.16
683.96	635.35
684.15	829.91
684.35	637.40
684.54	666.07
684.73	569.82
684.93	625.11
685.12	596.44
685.32	721.37
685.51	700.89
685.70	647.64
685.90	686.55
686.09	526.81
686.28	651.74
686.48	670.17
686.67	573.92
686.86	532.96
687.06	764.38
687.25	745.94
687.45	698.84
687.64	698.84
687.83	696.79
688.03	737.75
688.22	686.55
688.41	676.31
688.61	639.45
688.80	754.14
688.99	729.56
689.19	606.68
689.38	702.94
689.57	799.19
689.77	666.07
689.96	713.18
690.15	606.68
690.35	752.09
690.54	696.79
690.73	586.20
690.93	844.25
691.12	752.09
691.31	668.12
691.51	631.26
691.70	707.03
691.89	672.22
692.09	653.79
692.28	625.11
692.47	747.99
692.67	741.85
692.86	754.14
693.05	690.65
693.24	793.05
693.44	702.94
693.63	721.37
693.82	774.62
694.02	739.80
694.21	793.05
694.40	772.57
694.60	666.07
694.79	856.54
694.98	788.95
695.18	768.47
695.37	786.90
695.56	733.66
695.75	819.67
695.95	623.07
696.14	670.17
696.33	741.85
696.53	805.34
696.72	747.99
696.91	784.86
697.10	719.32
697.30	852.44
697.49	684.51
697.68	770.52
697.87	750.04
698.07	784.86
698.26	711.13
698.45	627.16
698.65	823.77
698.84	856.54
699.03	846.30
699.22	696.79
699.42	692.70
699.61	825.82
699.80	719.32
699.99	694.75
700.19	827.86
700.38	741.85
700.57	670.17
700.76	727.51
700.96	821.72
701.15	782.81
701.34	915.93
701.53	762.33
701.73	850.39
701.92	721.37
702.11	758.23
702.30	756.18
702.50	817.62
702.69	903.64
702.88	653.79
703.07	850.39
703.27	874.97
703.46	907.73
703.65	696.79
703.84	707.03
704.03	774.62
704.23	799.19
704.42	747.99
704.61	688.60
704.80	723.42
705.00	842.20
705.19	809.43
705.38	815.58
705.57	844.25
705.76	801.24
705.96	829.91
706.15	729.56
706.34	870.87
706.53	993.75
706.73	758.23
706.92	731.61
707.11	696.79
707.30	936.41
707.49	770.52
707.69	745.94
707.88	801.24
708.07	881.11
708.26	760.28
708.45	954.84
708.64	694.75
708.84	717.27
709.03	680.41
709.22	825.82
709.41	713.18
709.60	850.39
709.80	780.76
709.99	815.58
710.18	809.43
710.37	932.31
710.56	858.58
710.76	836.06
710.95	848.34
711.14	967.13
711.33	956.89
711.52	846.30
711.71	991.70
711.91	973.27
712.10	686.55
712.29	807.38
712.48	747.99
712.67	791.00
712.86	766.42
713.05	1020.37
713.25	889.30
713.44	842.20
713.63	747.99
713.82	936.41
714.01	963.03
714.20	817.62
714.40	899.54
714.59	938.45
714.78	899.54
714.97	852.44
715.16	856.54
715.35	854.49
715.54	977.37
715.74	868.82
715.93	889.30
716.12	985.56
716.31	971.22
716.50	979.41
716.69	874.97
716.88	862.68
717.07	1126.87
717.27	1003.99
717.46	856.54
717.65	911.83
717.84	973.27
718.03	846.30
718.22	823.77
718.41	948.69
718.60	891.35
718.79	1030.61
718.99	1010.13
719.18	917.97
719.37	1065.43
719.56	981.46
719.75	928.21
719.94	899.54
720.13	1034.71
720.32	1003.99
720.51	844.25
720.71	920.02
720.90	874.97
721.09	942.55
721.28	926.17
721.47	848.34
721.66	801.24
721.85	987.61
722.04	778.71
722.23	942.55
722.42	946.65
722.61	1003.99
722.80	940.50
723.00	827.86
723.19	1024.47
723.38	1098.20
723.57	844.25
723.76	809.43
723.95	1096.15
724.14	948.69
724.33	817.62
724.52	905.69
724.71	922.07
724.90	885.21
725.09	920.02
725.28	811.48
725.47	944.60
725.67	1087.96
725.86	944.60
726.05	997.84
726.24	950.74
726.43	893.40
726.62	893.40
726.81	946.65
727.00	1102.29
727.19	1016.28
727.38	891.35
727.57	922.07
727.76	1053.14
727.95	1001.94
728.14	942.55
728.33	1028.56
728.52	997.84
728.71	1024.47
728.90	946.65
729.09	1038.80
729.28	958.93
729.47	1112.53
729.66	975.32
729.85	950.74
730.04	1118.68
730.23	1003.99
730.42	920.02
730.61	883.16
730.81	1051.09
731.00	877.01
731.19	1038.80
731.38	979.41
731.57	1065.43
731.76	1003.99
731.95	1020.37
732.14	936.41
732.33	1016.28
732.52	1110.48
732.71	952.79
732.90	997.84
733.09	1169.87
733.28	989.65
733.47	1049.04
733.66	1051.09
733.85	1145.30
734.04	1130.96
734.23	1094.10
734.42	922.07
734.61	901.59
734.80	1036.76
734.98	1092.05
735.17	1075.67
735.36	1122.77
735.55	1053.14
735.74	946.65
735.93	1194.45
736.12	987.61
736.31	1003.99
736.50	1104.34
736.69	938.45
736.88	1190.35
737.07	1135.06
737.26	1047.00
737.45	1135.06
737.64	1219.03
737.83	1231.31
738.02	1073.62
738.21	1053.14
738.40	1163.73
738.59	1198.55
738.78	1016.28
738.97	1108.44
739.16	1186.26
739.35	1124.82
739.54	1176.02
739.73	1075.67
739.92	1053.14
740.10	1124.82
740.29	1247.70
740.48	934.36
740.67	1069.52
740.86	1092.05
741.05	1102.29
741.24	1165.78
741.43	1083.86
741.62	1456.59
741.81	1126.87
742.00	1141.20
742.19	1171.92
742.38	1145.30
742.57	1130.96
742.75	1192.40
742.94	1239.51
743.13	1126.87
743.32	1169.87
743.51	1083.86
743.70	1147.35
743.89	1231.31
744.08	1063.38
744.27	1288.66
744.46	1169.87
744.65	1223.12
744.84	1184.21
745.02	1102.29
745.21	1145.30
745.40	1167.83
745.59	1192.40
745.78	1143.25
745.97	1120.72
746.16	1200.59
746.35	1346.00
746.54	1190.35
746.72	1262.03
746.91	1264.08
747.10	1255.89
747.29	1100.24
747.48	1169.87
747.67	1159.63
747.86	1133.01
748.05	1157.59
748.24	1323.47
748.42	1268.18
748.61	1141.20
748.80	1298.90
748.99	1237.46
749.18	1231.31
749.37	1153.49
749.56	1284.56
749.74	1239.51
749.93	1186.26
750.12	1206.74
750.31	1051.09
750.50	1401.29
750.69	1272.27
750.88	1208.79
751.06	1282.51
751.25	1210.83
751.44	1270.22
751.63	1143.25
751.82	1159.63
752.01	1204.69
752.20	1264.08
752.38	1200.59
752.57	1141.20
752.76	1188.31
752.95	1216.98
753.14	1155.54
753.33	1182.16
753.51	1210.83
753.70	1219.03
753.89	1139.15
754.08	1284.56
754.27	1108.44
754.46	1208.79
754.64	1163.73
754.83	1087.96
755.02	1212.88
755.21	1130.96
755.40	1300.94
755.58	1065.43
755.77	1188.31
755.96	1214.93
756.15	1243.60
756.34	1173.97
756.53	1204.69
756.71	1255.89
756.90	1167.83
757.09	1096.15
757.28	1282.51
757.47	1321.42
757.65	1112.53
757.84	1206.74
758.03	1341.90
758.22	1190.35
758.41	1216.98
758.59	1346.00
758.78	1241.55
758.97	1325.52
759.16	1169.87
759.34	1235.41
759.53	1274.32
759.72	1364.43
759.91	1186.26
760.10	1071.57
760.28	1176.02
760.47	1380.82
760.66	1167.83
760.85	1122.77
761.03	1389.01
761.22	1227.22
761.41	1077.72
761.60	1194.45
761.79	1204.69
761.97	1225.17
762.16	1274.32
762.35	1212.88
762.54	1176.02
762.72	1126.87
762.91	1292.75
763.10	1190.35
763.29	1180.11
763.47	1155.54
763.66	1204.69
763.85	1192.40
764.04	1227.22
764.22	1329.62
764.41	1210.83
764.60	1319.38
764.79	1259.98
764.97	1409.49
765.16	1249.75
765.35	1200.59
765.54	1298.90
765.72	1290.70
765.91	1378.77
766.10	1366.48
766.28	1087.96
766.47	1538.51
766.66	1389.01
766.85	1276.37
767.03	1149.39
767.22	1323.47
767.41	1352.14
767.59	1200.59
767.78	1403.34
767.97	1415.63
768.16	1311.18
768.34	1241.55
768.53	1511.89
768.72	1356.24
768.90	1167.83
769.09	1274.32
769.28	1333.71
769.47	1278.42
769.65	1282.51
769.84	1245.65
770.03	1360.34
770.21	1399.25
770.40	1470.93
770.59	1253.84
770.77	1161.68
770.96	1249.75
771.15	1141.20
771.33	1237.46
771.52	1421.77
771.71	1266.13
771.90	1350.10
772.08	1223.12
772.27	1282.51
772.46	1448.40
772.64	1472.97
772.83	1401.29
773.02	1409.49
773.20	1302.99
773.39	1292.75
773.58	1298.90
773.76	1427.92
773.95	1270.22
774.14	1272.27
774.32	1384.91
774.51	1255.89
774.70	1298.90
774.88	1266.13
775.07	1350.10
775.25	1247.70
775.44	1350.10
775.63	1229.27
775.81	1282.51
776.00	1315.28
776.19	1411.53
776.37	1300.94
776.56	1247.70
776.75	1397.20
776.93	1407.44
777.12	1235.41
777.31	1425.87
777.49	1346.00
777.68	1343.95
777.86	1153.49
778.05	1102.29
778.24	1354.19
778.42	1292.75
778.61	1245.65
778.80	1208.79
778.98	1219.03
779.17	1427.92
779.35	1282.51
779.54	1499.60
779.73	1454.54
779.91	1329.62
780.10	1323.47
780.29	1147.35
780.47	1323.47
780.66	1331.66
780.84	1448.40
781.03	1282.51
781.22	1309.14
781.40	1274.32
781.59	1309.14
781.77	1333.71
781.96	1311.18
782.15	1397.20
782.33	1409.49
782.52	1458.64
782.70	1288.66
782.89	1241.55
783.07	1278.42
783.26	1348.05
783.45	1423.82
783.63	1425.87
783.82	1264.08
784.00	1380.82
784.19	1462.73
784.38	1300.94
784.56	1288.66
784.75	1419.73
784.93	1405.39
785.12	1477.07
785.30	1288.66
785.49	1325.52
785.68	1548.75
785.86	1378.77
786.05	1309.14
786.23	1384.91
786.42	1481.17
786.60	1522.12
786.79	1407.44
786.97	1397.20
787.16	1298.90
787.35	1442.25
787.53	1354.19
787.72	1251.79
787.90	1479.12
788.09	1552.84
788.27	1366.48
788.46	1366.48
788.64	1550.80
788.83	1214.93
789.01	1343.95
789.20	1399.25
789.38	1307.09
789.57	1149.39
789.76	1391.05
789.94	1380.82
790.13	1429.97
790.31	1384.91
790.50	1348.05
790.68	1464.78
790.87	1427.92
791.05	1513.93
791.24	1366.48
791.42	1356.24
791.61	1386.96
791.79	1352.14
791.98	1343.95
792.16	1278.42
792.35	1407.44
792.53	1548.75
792.72	1505.74
792.90	1135.06
793.09	1505.74
793.27	1520.08
793.46	1386.96
793.64	1335.76
793.83	1221.07
794.01	1364.43
794.20	1325.52
794.38	1380.82
794.57	1491.41
794.75	1501.65
794.94	1348.05
795.12	1458.64
795.31	1321.42
795.49	1280.46
795.68	1305.04
795.86	1307.09
796.05	1421.77
796.23	1499.60
796.41	1411.53
796.60	1327.57
796.78	1462.73
796.97	1405.39
797.15	1423.82
797.34	1444.30
797.52	1434.06
797.71	1509.84
797.89	1366.48
798.08	1434.06
798.26	1393.10
798.45	1485.26
798.63	1325.52
798.81	1399.25
799.00	1391.05
799.18	1409.49
799.37	1472.97
799.55	1409.49
799.74	1550.80
799.92	1417.68
800.11	1315.28
800.29	1393.10
800.47	1329.62
800.66	1352.14
800.84	1577.42
801.03	1206.74
801.21	1472.97
801.40	1370.58
801.58	1360.34
801.76	1264.08
801.95	1534.41
802.13	1415.63
802.32	1458.64
802.50	1421.77
802.69	1485.26
802.87	1434.06
803.05	1350.10
803.24	1348.05
803.42	1558.99
803.61	1468.88
803.79	1610.19
803.97	1360.34
804.16	1591.76
804.34	1583.56
804.53	1489.36
804.71	1503.69
804.89	1335.76
805.08	1550.80
805.26	1348.05
805.45	1681.87
805.63	1522.12
805.81	1503.69
806.00	1405.39
806.18	1604.04
806.37	1620.43
806.55	1554.89
806.73	1530.32
806.92	1655.24
807.10	1589.71
807.28	1481.17
807.47	1558.99
807.65	1368.53
807.84	1612.24
808.02	1421.77
808.20	1655.24
808.39	1663.43
808.57	1692.11
808.75	1618.38
808.94	1503.69
809.12	1546.70
809.31	1556.94
809.49	1552.84
809.67	1618.38
809.86	1528.27
810.04	1638.86
810.22	1616.33
810.41	1522.12
810.59	1614.28
810.77	1749.45
810.96	1575.37
811.14	1688.01
811.32	1540.56
811.51	1544.65
811.69	1708.49
811.87	1655.24
812.06	1733.07
812.24	1792.46
812.42	1655.24
812.61	1661.39
812.79	1540.56
812.97	1814.98
813.16	1716.68
813.34	1507.79
813.52	1608.14
813.71	1702.35
813.89	1804.74
814.07	1731.02
814.26	1673.67
814.44	1671.63
814.62	1759.69
814.81	1798.60
814.99	1690.06
815.17	1696.20
815.35	1690.06
815.54	1554.89
815.72	1567.18
815.90	1708.49
816.09	1821.13
816.27	1747.40
816.45	1716.68
816.64	1817.03
816.82	1915.33
817.00	1790.41
817.18	1655.24
817.37	1659.34
817.55	1681.87
817.73	1749.45
817.92	1743.31
818.10	1720.78
818.28	1667.53
818.46	1788.36
818.65	1831.37
818.83	1755.59
819.01	1939.91
819.20	1831.37
819.38	1708.49
819.56	1784.26
819.74	1724.87
819.93	1702.35
820.11	1767.88
820.29	1933.77
820.47	1790.41
820.66	1753.55
820.84	1892.81
821.02	2030.02
821.20	1749.45
821.39	1851.85
821.57	1747.40
821.75	2021.83
821.93	1753.55
822.12	1774.03
822.30	1831.37
822.48	1878.47
822.66	1868.23
822.85	1839.56
823.03	1726.92
823.21	1771.98
823.39	1907.14
823.58	1825.22
823.76	1800.65
823.94	1876.42
824.12	1882.57
824.30	1577.42
824.49	1919.43
824.67	1989.06
824.85	1851.85
825.03	1878.47
825.22	1882.57
825.40	1919.43
825.58	1911.24
825.76	1790.41
825.94	1837.51
826.13	1778.12
826.31	1853.90
826.49	1706.44
826.67	1669.58
826.85	1778.12
827.04	1901.00
827.22	1821.13
827.40	1747.40
827.58	1788.36
827.76	1960.39
827.95	1855.94
828.13	1792.46
828.31	1890.76
828.49	1860.04
828.67	2046.40
828.86	2009.54
829.04	1974.73
829.22	1753.55
829.40	1540.56
829.58	1831.37
829.77	1862.09
829.95	1868.23
830.13	1796.55
830.31	1821.13
830.49	1814.98
830.67	1847.75
830.86	1655.24
831.04	1796.55
831.22	1841.61
831.40	1839.56
831.58	1677.77
831.76	1792.46
831.95	1837.51
832.13	1771.98
832.31	1782.22
832.49	1735.11
832.67	1911.24
832.85	1892.81
833.03	1915.33
833.22	1925.57
833.40	1763.79
833.58	1786.31
833.76	1618.38
833.94	1663.43
834.12	1851.85
834.30	1800.65
834.49	1792.46
834.67	1819.08
834.85	1796.55
835.03	1780.17
835.21	1700.30
835.39	1620.43
835.57	1944.01
835.75	1853.90
835.94	1708.49
836.12	1831.37
836.30	1716.68
836.48	1696.20
836.66	1728.97
836.84	1956.29
837.02	1712.59
837.20	1800.65
837.38	1792.46
837.57	1880.52
837.75	1847.75
837.93	1751.50
838.11	1626.57
838.29	1784.26
838.47	2007.49
838.65	1987.01
838.83	1733.07
839.01	1993.16
839.19	1812.94
839.38	1798.60
839.56	1735.11
839.74	1741.26
839.92	1857.99
840.10	2017.73
840.28	1886.66
840.46	1888.71
840.64	1845.70
840.82	1896.90
841.00	1894.86
841.18	1739.21
841.36	1937.86
841.55	1905.10
841.73	1905.10
841.91	1997.25
842.09	1937.86
842.27	1866.18
842.45	1769.93
842.63	1999.30
842.81	1833.42
842.99	1966.53
843.17	1962.44
843.35	1831.37
843.53	2034.12
843.71	1913.29
843.89	1692.11
844.07	1898.95
844.25	1812.94
844.43	1829.32
844.61	1950.15
844.80	1829.32
844.98	1827.27
845.16	1841.61
845.34	1997.25
845.52	2101.70
845.70	1903.05
845.88	1718.73
846.06	1688.01
846.24	1753.55
846.42	1853.90
846.60	1921.48
846.78	1866.18
846.96	1743.31
847.14	1814.98
847.32	1827.27
847.50	1792.46
847.68	1974.73
847.86	1868.23
848.04	1829.32
848.22	1647.05
848.40	1776.07
848.58	1794.50
848.76	1939.91
848.94	1679.82
849.12	1808.84
849.30	1984.97
849.48	1778.12
849.66	1870.28
849.84	1896.90
850.02	1853.90
850.20	1806.79
850.38	1718.73
850.56	1835.46
850.74	1671.63
850.92	1905.10
851.10	1894.86
851.28	1765.83
851.46	1786.31
851.64	1944.01
851.82	1817.03
852.00	1825.22
852.18	1782.22
852.36	1788.36
852.54	1817.03
852.72	1960.39
852.90	1765.83
853.08	1794.50
853.26	1827.27
853.44	1827.27
853.61	2044.36
853.79	1905.10
853.97	1624.52
854.15	1909.19
854.33	1634.76
854.51	1819.08
854.69	1829.32
854.87	1903.05
855.05	1964.49
855.23	1860.04
855.41	1776.07
855.59	2015.69
855.77	1804.74
855.95	1862.09
856.13	1728.97
856.31	1784.26
856.49	1872.33
856.67	1771.98
856.84	1765.83
857.02	1743.31
857.20	1739.21
857.38	1694.15
857.56	1690.06
857.74	1630.67
857.92	1831.37
858.10	1911.24
858.28	1735.11
858.46	1880.52
858.64	1890.76
858.82	1776.07
858.99	1839.56
859.17	1683.91
859.35	2034.12
859.53	1903.05
859.71	1845.70
859.89	1864.14
860.07	1788.36
860.25	1765.83
860.43	1935.81
860.61	1913.29
860.78	1868.23
860.96	1808.84
861.14	1739.21
861.32	1638.86
861.50	1939.91
861.68	1712.59
861.86	1845.70
862.04	1835.46
862.22	1835.46
862.39	1665.48
862.57	1823.18
862.75	1673.67
862.93	1835.46
863.11	1845.70
863.29	1966.53
863.47	1757.64
863.65	1907.14
863.82	1978.82
864.00	1855.94
864.18	1683.91
864.36	1731.02
864.54	1894.86
864.72	1903.05
864.90	1808.84
865.07	1712.59
865.25	1739.21
865.43	1769.93
865.61	1751.50
865.79	1837.51
865.97	1763.79
866.14	1724.87
866.32	1542.60
866.50	1513.93
866.68	1780.17
866.86	1896.90
867.04	1753.55
867.21	1790.41
867.39	1716.68
867.57	1700.30
867.75	1694.15
867.93	1593.80
868.11	1847.75
868.28	1720.78
868.46	1759.69
868.64	1663.43
868.82	1884.62
869.00	1550.80
869.18	1835.46
869.35	1839.56
869.53	1741.26
869.71	1616.33
869.89	1886.66
870.07	1907.14
870.24	1855.94
870.42	1692.11
870.60	1698.25
870.78	1837.51
870.96	1620.43
871.13	1728.97
871.31	1868.23
871.49	1737.16
871.67	1810.89
871.85	1812.94
872.02	1892.81
872.20	1606.09
872.38	1692.11
872.56	1522.12
872.73	1704.39
872.91	1696.20
873.09	1702.35
873.27	1827.27
873.45	1696.20
873.62	1733.07
873.80	1714.63
873.98	1755.59
874.16	1669.58
874.33	1745.35
874.51	1819.08
874.69	1653.19
874.87	1677.77
875.04	1767.88
875.22	1688.01
875.40	1728.97
875.58	1685.96
875.75	1759.69
875.93	1874.38
876.11	1751.50
876.29	1694.15
876.46	1653.19
876.64	1720.78
876.82	1577.42
877.00	1599.95
877.17	1814.98
877.35	1671.63
877.53	1690.06
877.71	1608.14
877.88	1696.20
878.06	1636.81
878.24	1661.39
878.41	1817.03
878.59	1825.22
878.77	1724.87
878.95	1696.20
879.12	1692.11
879.30	1806.79
879.48	1812.94
879.66	1655.24
879.83	1665.48
880.01	1855.94
880.19	1782.22
880.36	1761.74
880.54	1698.25
880.72	1878.47
880.89	1825.22
881.07	1800.65
881.25	1626.57
881.43	1831.37
881.60	1704.39
881.78	1753.55
881.96	1819.08
882.13	1702.35
882.31	1819.08
882.49	1591.76
882.66	1741.26
882.84	1657.29
883.02	1901.00
883.19	1708.49
883.37	1751.50
883.55	1767.88
883.72	1726.92
883.90	1860.04
884.08	1638.86
884.25	1825.22
884.43	1954.25
884.61	1939.91
884.78	1726.92
884.96	1825.22
885.14	1890.76
885.31	1894.86
885.49	1864.14
885.67	1857.99
885.84	1788.36
886.02	1944.01
886.20	1753.55
886.37	1909.19
886.55	1833.42
886.73	1751.50
886.90	1753.55
887.08	1817.03
887.26	1939.91
887.43	1765.83
887.61	1724.87
887.79	1812.94
887.96	2038.21
888.14	1694.15
888.31	1720.78
888.49	1997.25
888.67	1847.75
888.84	1806.79
889.02	1851.85
889.20	1923.53
889.37	2005.45
889.55	1909.19
889.72	1786.31
889.90	2030.02
890.08	1935.81
890.25	1817.03
890.43	1829.32
890.60	2134.47
890.78	1909.19
890.96	1821.13
891.13	1880.52
891.31	2042.31
891.48	1884.62
891.66	2060.74
891.84	1972.68
892.01	1982.92
892.19	1966.53
892.36	1716.68
892.54	1952.20
892.72	2052.55
892.89	1925.57
893.07	1993.16
893.24	1923.53
893.42	2167.24
893.60	1978.82
893.77	2058.69
893.95	1972.68
894.12	1946.05
894.30	2066.88
894.47	1774.03
894.65	2040.26
894.83	1923.53
895.00	1968.58
895.18	2083.27
895.35	2023.88
895.53	2134.47
895.70	1984.97
895.88	1929.67
896.05	1833.42
896.23	1972.68
896.41	1882.57
896.58	2097.60
896.76	1909.19
896.93	2157.00
897.11	1987.01
897.28	1946.05
897.46	1966.53
897.63	2111.94
897.81	1937.86
897.98	1958.34
898.16	1831.37
898.33	2023.88
898.51	1886.66
898.69	1778.12
898.86	2015.69
899.04	2011.59
899.21	2013.64
899.39	2009.54
899.56	1982.92
899.74	2120.13
899.91	1812.94
900.09	2036.17
900.26	1886.66
900.44	2079.17
900.61	2073.03
900.79	2189.76
900.96	1987.01
901.14	2116.04
901.31	2095.56
901.49	2044.36
901.66	2068.93
901.84	2019.78
902.01	2007.49
902.19	1720.78
902.36	1868.23
902.54	2232.77
902.71	1882.57
902.89	1948.10
903.06	1984.97
903.24	2058.69
903.41	1890.76
903.59	2021.83
903.76	2009.54
903.94	2269.63
904.11	2042.31
904.29	1952.20
904.46	2005.45
904.63	2087.36
904.81	2036.17
904.98	1882.57
905.16	2165.19
905.33	1974.73
905.51	1993.16
905.68	2017.73
905.86	2066.88
906.03	2118.08
906.21	1978.82
906.38	1915.33
906.56	1995.21
906.73	1919.43
906.90	1993.16
907.08	1939.91
907.25	2007.49
907.43	1989.06
907.60	1937.86
907.78	2023.88
907.95	1919.43
908.13	1923.53
908.30	1982.92
908.47	1962.44
908.65	1950.15
908.82	2009.54
909.00	2091.46
909.17	1962.44
909.35	1960.39
909.52	1898.95
909.69	2077.12
909.87	2193.86
910.04	2058.69
910.22	2126.28
910.39	2011.59
910.56	2134.47
910.74	1939.91
910.91	2015.69
911.09	1896.90
911.26	1999.30
911.43	1741.26
911.61	2232.77
911.78	2001.35
911.96	1868.23
912.13	1812.94
912.30	1888.71
912.48	1995.21
912.65	1989.06
912.83	1896.90
913.00	2013.64
913.17	1905.10
913.35	1905.10
913.52	1925.57
913.70	2124.23
913.87	1905.10
914.04	1976.77
914.22	1876.42
914.39	1857.99
914.56	1814.98
914.74	1987.01
914.91	1796.55
915.09	1915.33
915.26	2019.78
915.43	2068.93
915.61	2036.17
915.78	1890.76
915.95	1837.51
916.13	1896.90
916.30	1987.01
916.47	2034.12
916.65	2075.08
916.82	1833.42
916.99	1812.94
917.17	1925.57
917.34	1814.98
917.51	2005.45
917.69	1864.14
917.86	1874.38
918.03	1962.44
918.21	1864.14
918.38	1964.49
918.55	1665.48
918.73	1874.38
918.90	1827.27
919.07	1780.17
919.25	1935.81
919.42	1917.38
919.59	1614.28
919.77	1804.74
919.94	1872.33
920.11	1853.90
920.29	1665.48
920.46	1923.53
920.63	1909.19
920.81	1673.67
920.98	1958.34
921.15	1851.85
921.33	1780.17
921.50	1726.92
921.67	1741.26
921.84	1860.04
922.02	1716.68
922.19	2138.56
922.36	1802.70
922.54	1833.42
922.71	1663.43
922.88	1866.18
923.05	1890.76
923.23	1919.43
923.40	1731.02
923.57	1626.57
923.75	1712.59
923.92	1565.13
924.09	1724.87
924.26	1753.55
924.44	1642.96
924.61	1663.43
924.78	1841.61
924.95	1710.54
925.13	1640.91
925.30	1792.46
925.47	1657.29
925.65	1737.16
925.82	1651.15
925.99	1661.39
926.16	1704.39
926.34	1567.18
926.51	1661.39
926.68	1599.95
926.85	1808.84
927.03	1724.87
927.20	1528.27
927.37	1749.45
927.54	1661.39
927.71	1722.83
927.89	1518.03
928.06	1497.55
928.23	1593.80
928.40	1704.39
928.58	1622.48
928.75	1669.58
928.92	1673.67
929.09	1659.34
929.27	1573.32
929.44	1563.08
929.61	1513.93
929.78	1714.63
929.95	1483.21
930.13	1452.49
930.30	1540.56
930.47	1716.68
930.64	1524.17
930.81	1653.19
930.99	1497.55
931.16	1708.49
931.33	1429.97
931.50	1604.04
931.67	1634.76
931.85	1589.71
932.02	1335.76
932.19	1612.24
932.36	1583.56
932.53	1761.74
932.71	1378.77
932.88	1665.48
933.05	1360.34
933.22	1444.30
933.39	1339.86
933.57	1546.70
933.74	1530.32
933.91	1530.32
934.08	1384.91
934.25	1450.45
934.42	1483.21
934.60	1493.45
934.77	1327.57
934.94	1556.94
935.11	1384.91
935.28	1329.62
935.45	1436.11
935.63	1227.22
935.80	1309.14
935.97	1419.73
936.14	1276.37
936.31	1198.55
936.48	1227.22
936.65	1266.13
936.83	1116.63
937.00	1307.09
937.17	1288.66
937.34	1288.66
937.51	1249.75
937.68	1069.52
937.85	1247.70
938.03	1204.69
938.20	1206.74
938.37	1223.12
938.54	1223.12
938.71	1006.04
938.88	1087.96
939.05	1092.05
939.22	1112.53
939.40	1061.33
939.57	1081.81
939.74	1075.67
939.91	1280.46
940.08	1034.71
940.25	1079.76
940.42	946.65
940.59	1057.24
940.76	1055.19
940.94	926.17
941.11	915.93
941.28	838.10
941.45	930.26
941.62	907.73
941.79	881.11
941.96	897.49
942.13	930.26
942.30	860.63
942.47	903.64
942.64	864.73
942.82	1047.00
942.99	791.00
943.16	899.54
943.33	1003.99
943.50	1003.99
943.67	854.49
943.84	977.37
944.01	952.79
944.18	973.27
944.35	883.16
944.52	848.34
944.69	850.39
944.86	924.12
945.03	801.24
945.20	838.10
945.38	963.03
945.55	879.06
945.72	903.64
945.89	879.06
946.06	879.06
946.23	920.02
946.40	809.43
946.57	784.86
946.74	860.63
946.91	1018.32
947.08	702.94
947.25	872.92
947.42	899.54
947.59	940.50
947.76	803.29
947.93	745.94
948.10	825.82
948.27	872.92
948.44	803.29
948.61	770.52
948.78	883.16
948.95	1012.18
949.12	827.86
949.29	901.59
949.46	967.13
949.63	1040.85
949.80	909.78
949.97	879.06
950.14	920.02
950.31	987.61
950.48	1124.82
950.65	819.67
950.82	948.69
950.99	1040.85
951.16	883.16
951.33	958.93
951.50	801.24
951.67	983.51
951.84	901.59
952.01	881.11
952.18	911.83
952.35	950.74
952.52	856.54
952.69	983.51
952.86	1008.08
953.03	913.88
953.20	788.95
953.37	887.25
953.54	1010.13
953.71	862.68
953.88	926.17
954.05	1065.43
954.22	999.89
954.39	1116.63
954.56	1049.04
954.73	928.21
954.90	999.89
955.07	954.84
955.24	1176.02
955.41	977.37
955.58	1026.52
955.75	917.97
955.91	973.27
956.08	1073.62
956.25	999.89
956.42	1133.01
956.59	997.84
956.76	887.25
956.93	1206.74
957.10	1036.76
957.27	1028.56
957.44	891.35
957.61	1108.44
957.78	948.69
957.95	965.08
958.12	942.55
958.28	983.51
958.45	1059.28
958.62	1112.53
958.79	1040.85
958.96	1161.68
959.13	1122.77
959.30	1010.13
959.47	1063.38
959.64	940.50
959.81	1110.48
959.98	879.06
960.14	963.03
960.31	1047.00
960.48	1012.18
960.65	928.21
960.82	924.12
960.99	999.89
961.16	797.14
961.33	1071.57
961.50	868.82
961.66	1071.57
961.83	1030.61
962.00	960.98
962.17	1008.08
962.34	1102.29
962.51	1221.07
962.68	983.51
962.85	1036.76
963.01	1073.62
963.18	1051.09
963.35	973.27
963.52	1020.37
963.69	993.75
963.86	1028.56
964.03	1077.72
964.20	1008.08
964.36	1120.72
964.53	1075.67
964.70	922.07
964.87	897.49
965.04	989.65
965.21	1030.61
965.37	981.46
965.54	940.50
965.71	1042.90
965.88	889.30
966.05	922.07
966.22	1022.42
966.38	948.69
966.55	1038.80
966.72	858.58
966.89	1038.80
967.06	1104.34
967.23	987.61
967.39	928.21
967.56	952.79
967.73	946.65
967.90	977.37
968.07	942.55
968.24	891.35
968.40	1057.24
968.57	995.80
968.74	1044.95
968.91	983.51
969.08	1192.40
969.24	1024.47
969.41	942.55
969.58	743.90
969.75	1010.13
969.92	1077.72
970.08	1022.42
970.25	1040.85
970.42	1094.10
970.59	942.55
970.75	1059.28
970.92	975.32
971.09	997.84
971.26	934.36
971.43	909.78
971.59	956.89
971.76	997.84
971.93	905.69
972.10	870.87
972.26	891.35
972.43	952.79
972.60	938.45
972.77	1020.37
972.94	874.97
973.10	1155.54
973.27	967.13
973.44	987.61
973.61	977.37
973.77	1196.50
973.94	1055.19
974.11	987.61
974.28	944.60
974.44	971.22
974.61	973.27
974.78	864.73
974.95	993.75
975.11	1073.62
975.28	917.97
975.45	924.12
975.61	960.98
975.78	1077.72
975.95	1106.39
976.12	848.34
976.28	1038.80
976.45	1044.95
976.62	1012.18
976.79	1059.28
976.95	1143.25
977.12	1100.24
977.29	809.43
977.45	885.21
977.62	1026.52
977.79	1012.18
977.96	897.49
978.12	1124.82
978.29	823.77
978.46	1122.77
978.62	1051.09
978.79	815.58
978.96	731.61
979.12	1003.99
979.29	940.50
979.46	852.44
979.62	825.82
979.79	1073.62
979.96	1032.66
980.13	879.06
980.29	754.14
980.46	1022.42
980.63	1034.71
980.79	950.74
980.96	686.55
981.13	973.27
981.29	1022.42
981.46	883.16
981.63	852.44
981.79	965.08
981.96	995.80
982.13	901.59
982.29	745.94
982.46	694.75
982.63	834.01
982.79	932.31
982.96	971.22
983.13	926.17
983.29	797.14
983.46	844.25
983.62	874.97
983.79	1081.81
983.96	981.46
984.12	915.93
984.29	846.30
984.46	803.29
984.62	905.69
984.79	756.18
984.96	676.31
985.12	879.06
985.29	729.56
985.45	928.21
985.62	803.29
985.79	1024.47
985.95	997.84
986.12	862.68
986.29	793.05
986.45	747.99
986.62	838.10
986.78	592.35
986.95	821.72
987.12	811.48
987.28	913.88
987.45	743.90
987.61	827.86
987.78	838.10
987.95	901.59
988.11	758.23
988.28	606.68
988.44	836.06
988.61	895.45
988.78	739.80
988.94	680.41
989.11	858.58
989.27	913.88
989.44	885.21
989.60	686.55
989.77	795.10
989.94	745.94
990.10	854.49
990.27	674.27
990.43	623.07
990.60	864.73
990.76	717.27
990.93	633.31
991.10	793.05
991.26	780.76
991.43	674.27
991.59	725.47
991.76	860.63
991.92	842.20
992.09	758.23
992.25	752.09
992.42	647.64
992.59	674.27
992.75	731.61
992.92	692.70
993.08	834.01
993.25	700.89
993.41	698.84
993.58	760.28
993.74	764.38
993.91	872.92
994.07	680.41
994.24	754.14
994.40	782.81
994.57	795.10
994.73	596.44
994.90	704.99
995.06	760.28
995.23	707.03
995.40	596.44
995.56	723.42
995.73	666.07
995.89	690.65
996.06	596.44
996.22	598.49
996.39	786.90
996.55	633.31
996.72	702.94
996.88	707.03
997.05	707.03
997.21	588.25
997.38	711.13
997.54	545.24
997.71	756.18
997.87	805.34
998.03	637.40
998.20	590.30
998.36	829.91
998.53	758.23
998.69	719.32
998.86	666.07
999.02	655.83
999.19	719.32
999.35	688.60
999.52	752.09
999.68	690.65
999.85	555.48
1000.01	670.17
1000.18	596.44
1000.34	711.13
1000.51	592.35
1000.67	594.40
1000.83	545.24
1001.00	616.92
1001.16	598.49
1001.33	682.46
1001.49	639.45
1001.66	739.80
1001.82	659.93
1001.99	414.17
1002.15	532.96
1002.31	651.74
1002.48	686.55
1002.64	535.00
1002.81	399.84
1002.97	623.07
1003.14	627.16
1003.30	633.31
1003.46	481.76
1003.63	655.83
1003.79	561.63
1003.96	520.67
1004.12	655.83
1004.29	739.80
1004.45	526.81
1004.61	614.87
1004.78	512.48
1004.94	524.76
1005.11	713.18
1005.27	573.92
1005.43	532.96
1005.60	764.38
1005.76	592.35
1005.93	481.76
1006.09	502.24
1006.25	588.25
1006.42	602.59
1006.58	463.33
1006.74	582.11
1006.91	729.56
1007.07	537.05
1007.24	522.72
1007.40	547.29
1007.56	637.40
1007.73	614.87
1007.89	448.99
1008.05	526.81
1008.22	555.48
1008.38	557.53
1008.55	516.57
1008.71	471.52
1008.87	557.53
1009.04	569.82
1009.20	586.20
1009.36	432.61
1009.53	661.98
1009.69	567.77
1009.85	516.57
1010.02	506.33
1010.18	655.83
1010.34	492.00
1010.51	381.41
1010.67	416.22
1010.84	762.33
1011.00	616.92
1011.16	387.55
1011.33	334.30
1011.49	557.53
1011.65	610.78
1011.82	500.19
1011.98	465.37
1012.14	543.20
1012.30	469.47
1012.47	473.56
1012.63	397.79
1012.79	492.00
1012.96	467.42
1013.12	492.00
1013.28	416.22
1013.45	565.72
1013.61	532.96
1013.77	473.56
1013.94	418.27
1014.10	494.04
1014.26	467.42
1014.42	451.04
1014.59	322.02
1014.75	526.81
1014.91	467.42
1015.08	444.89
1015.24	422.37
1015.40	219.62
1015.57	459.23
1015.73	383.45
1015.89	526.81
1016.05	596.44
1016.22	494.04
1016.38	489.95
1016.54	379.36
1016.70	418.27
1016.87	481.76
1017.03	463.33
1017.19	506.33
1017.36	418.27
1017.52	362.97
1017.68	481.76
1017.84	350.69
1018.01	395.74
1018.17	596.44
1018.33	383.45
1018.49	483.80
1018.66	414.17
1018.82	535.00
1018.98	442.85
1019.14	459.23
1019.31	434.65
1019.47	575.96
1019.63	184.80
1019.79	387.55
1019.95	498.14
1020.12	459.23
1020.28	416.22
1020.44	516.57
1020.60	510.43
1020.77	428.51
1020.93	362.97
1021.09	401.89
1021.25	549.34
1021.42	477.66
1021.58	340.45
1021.74	295.39
1021.90	358.88
1022.06	334.30
1022.23	326.11
1022.39	391.65
1022.55	440.80
1022.71	426.46
1022.87	358.88
1023.04	244.19
1023.20	469.47
1023.36	494.04
1023.52	274.91
1023.68	467.42
1023.85	446.94
1024.01	395.74
1024.17	317.92
1024.33	313.82
1024.49	446.94
1024.65	227.81
1024.82	236.00
1024.98	328.16
1025.14	442.85
1025.30	457.18
1025.46	348.64
1025.62	340.45
1025.79	461.28
1025.95	479.71
1026.11	330.21
1026.27	395.74
1026.43	412.13
1026.59	410.08
1026.76	319.97
1026.92	242.14
1027.08	326.11
1027.24	401.89
1027.40	492.00
1027.56	276.96
1027.72	379.36
1027.89	348.64
1028.05	299.49
1028.21	303.58
1028.37	385.50
1028.53	377.31
1028.69	178.66
1028.85	285.15
1029.02	367.07
1029.18	508.38
1029.34	385.50
1029.50	297.44
1029.66	532.96
1029.82	467.42
1029.98	344.54
1030.14	303.58
1030.31	444.89
1030.47	432.61
1030.63	346.59
1030.79	276.96
1030.95	291.30
1031.11	344.54
1031.27	149.99
1031.43	289.25
1031.59	344.54
1031.75	266.72
1031.92	229.86
1032.08	231.90
1032.24	344.54
1032.40	291.30
1032.56	223.71
1032.72	342.49
1032.88	424.41
1033.04	358.88
1033.20	309.73
1033.36	217.57
1033.52	274.91
1033.68	430.56
1033.85	336.35
1034.01	250.34
1034.17	201.19
1034.33	365.02
1034.49	311.78
1034.65	285.15
1034.81	332.26
1034.97	315.87
1035.13	248.29
1035.29	176.61
1035.45	344.54
1035.61	442.85
1035.77	168.42
1035.93	192.99
1036.09	496.09
1036.25	311.78
1036.41	63.97
1036.57	285.15
1036.73	326.11
1036.89	238.05
1037.06	254.43
1037.22	248.29
1037.38	348.64
1037.54	248.29
1037.70	264.67
1037.86	197.09
1038.02	162.27
1038.18	356.83
1038.34	119.27
1038.50	137.70
1038.66	209.38
